0 0.057692 0.523317 0.114530 0.087019
0 0.590171 0.852284 0.176923 0.069952
0 0.889316 0.857452 0.095726 0.066346
0 0.872009 0.626803 0.255983 0.065144
0 0.645085 0.548438 0.221795 0.059375
0 0.847863 0.479207 0.219658 0.056010
0 0.902564 0.395553 0.117949 0.058413
0 0.388889 0.318870 0.091453 0.056010
0 0.038462 0.204447 0.076068 0.094952
0 0.772436 0.215264 0.081624 0.103125
0 0.599359 0.201563 0.097863 0.091587
0 0.704274 0.310337 0.111966 0.077885
0 0.339957 0.523798 0.083333 0.092788
0 0.222863 0.743029 0.158547 0.107692
0 0.598504 0.758534 0.209829 0.058413
